Histogram Comparison:
Original Histogram: [  2749   1620   2955   6246  15046  34864  62049  77077  77138  77637
  81051  88934 101572 116072 129837 134151 138415 151063 151149 159629
 170538 172525 164109 161831 147570 147674 139191 148582 157170 156522
 159121 162896 172407 189738 185387 188407 185599 183154 187138 190413
 188099 195312 206177 197939 194158 194640 199762 198719 205740 201842
 205789 223941 200435 186692 182596 181459 184072 191758 182625 191070
 206352 193042 186639 182882 181154 177697 179596 175449 178364 180043
 174768 168423 164395 155394 155678 155695 153054 158477 155816 155072
 149661 144463 142266 142160 141915 140762 141280 141486 136239 130212
 127768 122597 122694 121490 121769 120792 119709 118114 113617 111406
 108058 107281 107581 109755 108142 107012 103955 101851 100597  99970
  98617  99523 101178 101269 101027  98222  94905  91959  90854  92131
  92205  92047  91546  91786  88234  84794  83618  81714  79599  80413
  79231  80234  80351  76722  73558  71805  70596  69565  69119  68744
  69702  69804  68058  65685  63526  63106  59888  60623  60728  60624
  60719  60126  59186  57591  56360  56586  55813  56206  56340  56230
  55699  55490  55668  53784  53719  52336  53780  53777  53973  53413
  52680  51866  52497  51234  51427  52268  52021  52263  52797  52872
  53802  54460  53632  57306  58413  55129  61406  53934  59467  51011
  54365  54760  54161  48446  56299  47596  60276  47253  58427  47531
  52947  54925  56764  49559  59507  51685  58915  53258  58172  63383
  64763  57926  67087  62520  69294  64931  71145  78630  91701 100809
 165066 270209 622466 247391 119720  67263  46320  30232  21960  16342
  12176   9228   7058   5436   3886   3003   2262   1683   1331   1060
    734    530    423    311    198    145    120    111     65     49
     36     23     24     16     14     40]
Neural Histogram: [1872683  222250  124173  120089  105785   82577   96823   78376  103499
  110300   85694  114052  105474   83035  107055  109315   82936  103086
   84704  116686  121926   93606  125044  124038   94255  123826  123309
   97306  125312  117458   92611  108019   92468  123986  123218   99061
  124533  131596  102418  129759  130655   98995  117541   98867  131310
  133597  106651  136298  129642  104476  123846  123412   95573  105151
   94600  114530  117964   97169  114757  113892   97680  119224  117028
   94990  107195   95130  115362  114083   97249  118393  119618   99835
  116591  112308   90846   98880   89855  109320  105893   91846  106409
  108141   93696  107492  104716   88453   99847   96044   82747   88456
   81681   94118   98124   85922   97127   94606   82962   93067   88964
   77713   81643   77377   85336   85996   79878   87929   86168   77711
   83860   81652   73538   74629   70914   78246   79488   73706   79510
   76729   70716   73699   72161   65872   66486   64883   71374   70576
   66870   69172   68746   64884   67355   66554   61167   61941   61035
   64476   65038   62104   64424   63512   60720   62949   62209   59278
   60995   58921   55773   55836   55328   58421   58794   56249   59767
   58775   56498   58398   56353   54026   54177   53314   56046   56421
   54345   55793   55294   53196   54950   53064   50897   50969   50501
   53294   53484   51754   53156   52863   49988   51399   50082   46546
   46188   46049   48513   48104   45930   47683   47074   44847   47298
   45590   43093   43293   42000   43356   43500   42233   42421   42584
   41166   41904   41077   39086   39415   38826   40624   41277   39570
   40351   40357   39218   39744   39878   38418   38972   38383   35568
   35775   35881   37027   37389   36307   37263   36625   35631   36179
   35344   34245   34047   34271   35480   36191   35801   36972   36413
   35911   37291   36347   35759   36054   35967   37406   38201   37745
   39932   40643   39611   41283   42527   43059   47128   52302   66187
   84997  134690  256186 3932487]

SSIM Analysis:
Similarity Index: 0.8557

Color Frequency Comparison:
Red Channel:
Original: [   371    219    328    529    846   1343   2051   2891   4079   5493
   8062  12971  19626  25271  30219  35778  36057  36003  39599  45779
  45413  46846  40239  32517  30455  28100  28641  29082  31415  32308
  36500  34219  34088  35592  39124  43138  45729  46112  50712  53846
  47707  48993  47439  48266  49897  50407  58701  60102  68311  61027
  60203  69281  62054  58374  61764  62708  65616  72641  61418  61699
  58821  60671  58520  57658  60779  65198  67780  61610  57837  55130
  53407  52153  51294  52119  54169  56983  55651  56771  54771  54297
  53490  51487  51957  53616  53821  53728  53118  50263  47969  45695
  44972  44994  46011  46801  47468  45850  42802  42130  39857  40067
  40066  40837  42223  43115  40380  38574  37353  36600  36213  35630
  35215  35621  36779  34484  33658  32166  31024  29553  29545  30871
  30824  30799  30002  29456  28865  28113  27859  27777  26868  27433
  27384  26434  26062  24731  23729  22959  22657  22495  22960  22375
  22896  22088  21742  20780  20194  20433  19910  20509  21088  21172
  21000  20295  20012  19731  19341  19882  19809  20126  20446  20234
  19386  19479  19591  19790  19432  19354  20151  19372  19199  18778
  18253  18107  18974  18828  19256  19609  19065  18015  17517  17534
  17680  17649  17289  18054  18028  18184  18283  18435  18331  18326
  17880  19030  19557  19894  20005  19590  19037  19519  19348  19289
  19590  19476  20380  20418  20230  20353  20736  20994  22286  23819
  25397  26365  28221  29399  29591  31312  34837  39637  47844  63910
  96649 172902 301057 136725  76904  50413  32866  22945  17575  13367
  10282   7942   6199   4865   3488   2730   2034   1528   1211    980
    676    491    379    288    180    124    109     99     56     41
     27     16     19      8     10     31]
Neural: [ 424778   47876   28824   24673   21703   18711   18663   17564   19936
   21392   18829   22213   21650   18879   22986   23446   19872   22987
   21075   30935   30376   23544   30692   28919   22711   27543   31677
   24700   33170   29738   23956   29972   24336   31128   31406   26272
   36350   38419   28080   35319   36598   27655   35943   28837   41768
   43280   32876   46442   41740   32036   37980   41286   30232   34898
   30326   39944   42155   31705   37583   37116   31096   39042   37697
   30230   34511   30270   37925   36032   30913   40568   41123   31740
   38437   38354   29165   32526   29002   35452   33607   29396   34062
   34192   29827   33664   32342   28268   32487   32011   27692   30745
   28254   34006   34616   30149   35206   34795   29522   33505   32334
   27784   30128   27974   31441   31231   28705   31681   31304   27759
   29929   29292   26002   26689   25356   27609   28364   25520   28266
   27200   25158   26256   26554   23570   24000   23458   26438   25585
   24076   25136   25166   23407   24134   24024   21838   22423   21754
   23556   23908   22510   23847   23874   22090   23289   23107   21373
   21813   21399   20109   19924   19719   21093   20662   19339   20550
   20351   18950   19630   19134   18025   18043   17199   18257   18357
   17365   18162   18149   17088   18049   17001   16059   16040   15750
   16778   17472   16870   17419   17528   16239   16907   16297   15124
   14914   15058   16021   15923   14899   15427   15218   14507   15370
   14634   13541   13670   13387   14192   14251   13427   13210   13477
   12709   12877   12687   12362   12832   12381   12765   13335   12722
   13373   13249   12566   12633   12486   12251   12228   12217   11825
   12146   12095   12904   12734   12397   12944   12568   12271   12356
   12057   11807   11808   11903   12291   12446   12371   13046   13066
   12762   13543   12914   12989   12996   13101   13588   13800   13445
   14334   14615   14221   14665   15256   15564   17132   18997   23877
   30506   50379   98637 1835166]

Green Channel:
Original: [   376    427    966   2830   7986  21163  35307  38887  37420  34832
  35067  36939  38591  41857  47057  44629  46188  51733  50963  50208
  50390  54373  62448  69321  59415  52797  52688  56004  61693  60753
  54805  53161  64121  65560  61257  55456  55903  57396  57427  59043
  60799  66978  78458  67622  68706  69415  72819  72409  74172  77437
  83655  92014  76923  69131  63872  61718  61679  63200  67108  74178
  89103  73574  68009  65161  64053  59357  60374  62136  66362  68474
  61843  54302  50732  48750  46785  46473  46663  49744  51166  48570
  43895  41832  40478  40135  41106  42779  44185  47563  43592  38845
  37126  34915  34659  34914  35794  37587  39321  36837  34929  32835
  32516  32314  31631  32857  33816  34186  32460  30426  29773  29487
  29125  29483  29866  31657  31912  30411  28171  26609  26651  26969
  27552  28112  29675  30662  28523  26127  25370  24380  24355  24608
  24211  25639  26406  24556  22454  21920  21437  20888  20839  20967
  21975  22892  22334  20426  19964  19420  18353  18508  18941  19430
  19428  19963  19084  18063  17438  17926  17433  17536  17310  17931
  18384  17862  17185  15950  16132  15800  15711  16133  16620  16099
  15879  15191  14757  14452  14191  14774  14925  15078  14870  15373
  14468  14339  13840  14076  14180  14179  14453  14953  14916  14647
  14035  14437  14044  15057  15607  16024  16094  16607  16578  16474
  16616  17071  17988  19484  20583  22654  23050  22787  23311  22787
  23922  24242  24070  26004  25148  25351  24101  23872  25700  29663
  42002  90140 253483 104528  28560  13316   7995   4947   3053   1993
   1196    797    522    329    205    149    118     70     48     27
     23     14     17      9      9      8      3      4      1      2
      2      3      1      1      2      1]
Neural: [ 712411   81901   44889   48175   41622   29759   35291   28039   39485
   43258   32695   45788   38669   29058   34190   35521   27452   35247
   27017   36555   39375   28662   37915   39045   30080   42692   41212
   30798   38945   36461   28818   34472   30146   42677   40110   32503
   41305   45016   35836   48004   49299   35770   41999   35695   48621
   50721   39846   51307   49356   38797   48395   46546   35178   37411
   34028   40559   40607   34384   41376   40939   35500   43365   42406
   34496   40565   35524   45060   44082   35977   43610   42811   36322
   42421   40278   33135   35813   32510   40840   38328   32871   37454
   36505   31431   35933   35266   29784   32600   31463   26346   26704
   25527   28425   29515   25989   28552   27735   25172   28414   27585
   23680   24453   23283   25876   25759   23940   26292   26124   23619
   25356   25073   22810   22786   22175   25104   24720   22575   24428
   23443   21438   21840   20915   19706   19828   19389   21549   21808
   20362   20947   20706   19985   20803   20591   18713   19225   19028
   19763   20173   19303   19683   19504   18909   19148   19004   18122
   18901   17651   16682   16971   16888   17680   17999   17417   18635
   18216   17391   17976   17173   16419   16546   16209   17060   17301
   16457   16815   16399   15738   16599   16513   15585   15898   15706
   16844   16919   16124   16772   16323   15472   15991   15897   14519
   14312   14258   14776   15140   14337   15185   14565   13932   14911
   14776   13694   13867   13151   13477   13531   13028   13340   13646
   13173   13327   12972   12239   12056   12219   13095   13100   12443
   12663   12498   12175   12824   13168   12250   12662   12314   11114
   11228   11360   11698   11984   11471   11848   11846   11457   11642
   11251   11051   10959   10837   11354   11827   11514   11935   11704
   11457   11956   11744   11352   11347   11444   11905   12326   12182
   12817   12872   12832   13390   13768   13756   15250   17063   21744
   28498   45676   85277 1244694]

Blue Channel:
Original: [ 2002   974  1661  2887  6214 12358 24691 35299 35639 37312 37922 39024
 43355 48944 52561 53744 56170 63327 60587 63642 74735 71306 61422 59993
 57700 66777 57862 63496 64062 63461 67816 75516 74198 88586 85006 89813
 83967 79646 78999 77524 79593 79341 80280 82051 75555 74818 68242 66208
 63257 63378 61931 62646 61458 59187 56960 57033 56777 55917 54099 55193
 58428 58797 60110 60063 56322 53142 51442 51703 54165 56439 59518 61968
 62369 54525 54724 52239 50740 51962 49879 52205 52276 51144 49831 48409
 46988 44255 43977 43660 44678 45672 45670 42688 42024 39775 38507 37355
 37586 39147 38831 38504 35476 34130 33727 33783 33946 34252 34142 34825
 34611 34853 34277 34419 34533 35128 35457 35645 35710 35797 34658 34291
 33829 33136 31869 31668 30846 30554 30389 29557 28376 28372 27636 28161
 27883 27435 27375 26926 26502 26182 25320 25402 24831 24824 23982 24479
 23368 23253 21625 21606 20699 20022 20291 19868 20090 19797 19581 18778
 18571 18544 18584 18065 17929 18149 18892 18044 18155 17182 17918 18272
 18154 18536 18548 18568 18766 17954 17980 17885 18031 19170 20410 19965
 21654 22472 22503 25176 26205 22766 28670 20546 26220 18038 22450 21293
 20560 13495 20687 11982 25145 11127 22501 11768 16741 18378 18396  9657
 18694  8678 15129  9477 12575 16777 15444  7319 14796  7117 14555  8268
 12207 15121 18157  7236 26415  7167 67926  6138 14256  3534  5459  2340
  1332   982   698   489   337   242   193   124   110    85    72    53
    35    25    27    14     9    13     8     8     8     6     7     4
     4     7     2     8]
Neural: [735494  92473  50460  47241  42460  34107  42869  32773  44078  45650
  34170  46051  45155  35098  49879  50348  35612  44852  36612  49196
  52175  41400  56437  56074  41464  53591  50420  41808  53197  51259
  39837  43575  37986  50181  51702  40286  46878  48161  38502  46436
  44758  35570  39599  34335  40921  39596  33929  38549  38546  33643
  37471  35580  30163  32842  30246  34027  35202  31080  35798  35837
  31084  36817  36925  30264  32119  29336  32377  33969  30359  34215
  35684  31773  35733  33676  28546  30541  28343  33028  33958  29579
  34893  37444  32438  37895  37108  30401  34760  32570  28709  31007
  27900  31687  33993  29784  33369  32076  28268  31148  29045  26249
  27062  26120  28019  29006  27233  29956  28740  26333  28575  27287
  24726  25154  23383  25533  26404  25611  26816  26086  24120  25603
  24692  22596  22658  22036  23387  23183  22432  23089  22874  21492
  22418  21939  20616  20293  20253  21157  20957  20291  20894  20134
  19721  20512  20098  19783  20281  19871  18982  18941  18721  19648
  20133  19493  20582  20208  20157  20792  20046  19582  19588  19906
  20729  20763  20523  20816  20746  20370  20302  19550  19253  19031
  19045  19672  19093  18760  18965  19012  18277  18501  17888  16903
  16962  16733  17716  17041  16694  17071  17291  16408  17017  16180
  15858  15756  15462  15687  15718  15778  15871  15461  15284  15700
  15418  14485  14527  14226  14764  14842  14405  14315  14610  14477
  14287  14224  13917  14082  13852  12629  12401  12426  12425  12671
  12439  12471  12211  11903  12181  12036  11387  11280  11531  11835
  11918  11916  11991  11643  11692  11792  11689  11418  11711  11422
  11913  12075  12118  12781  13156  12558  13228  13503  13739  14746
  16242  20566  25993  38635  72272 852627]

LBP Analysis:
LBP Original: [[0. 2. 9. ... 9. 9. 1.]
 [1. 4. 8. ... 5. 5. 3.]
 [1. 4. 6. ... 5. 5. 3.]
 ...
 [3. 4. 4. ... 5. 5. 3.]
 [2. 3. 3. ... 3. 9. 1.]
 [3. 2. 1. ... 2. 3. 3.]]
LBP Neural: [[3. 5. 5. ... 5. 5. 3.]
 [9. 5. 5. ... 5. 5. 3.]
 [1. 6. 7. ... 8. 8. 5.]
 ...
 [3. 4. 4. ... 4. 4. 3.]
 [3. 4. 4. ... 4. 5. 4.]
 [1. 1. 2. ... 2. 2. 2.]]

Gradient Magnitude Comparison:
Gradient Original: [[ 6.08276253  5.59016994  2.6925824  ...  1.          1.
   1.        ]
 [ 6.32455532  5.59016994  2.06155281 ...  1.5         1.5
   1.5       ]
 [ 5.31507291  4.47213595  2.06155281 ...  2.          2.
   2.        ]
 ...
 [ 9.5        14.00892573 19.52562419 ...  3.5         2.5
   2.        ]
 [ 6.72681202 10.29563014 14.80709289 ...  2.82842712  1.11803399
   0.        ]
 [ 9.05538514  9.96242942 10.30776406 ...  3.64005494  2.
   1.41421356]]
Gradient Neural: [[0.         0.         0.         ... 0.         0.         0.        ]
 [0.         0.5        0.5        ... 0.5        0.5        0.5       ]
 [1.11803399 1.11803399 0.5        ... 0.5        0.5        0.5       ]
 ...
 [6.32455532 6.67083203 7.28010989 ... 2.91547595 1.80277564 1.80277564]
 [4.47213595 4.47213595 5.83095189 ... 2.5        1.80277564 1.41421356]
 [3.60555128 3.90512484 5.31507291 ... 2.23606798 1.80277564 1.41421356]]
