Histogram Comparison:
Original Histogram: [155948   6088   5107   3987   3700   2915   2625   2423   2376   2354
   2185   2168   2099   2344   2535   2553   2733   2754   2619   2550
   2530   2510   2498   2461   2463   2506   2489   2721   2569   2781
   2720   2468   2374   2296   2291   2340   2398   2487   2312   2516
   2408   2376   2399   2334   2196   2346   2410   2623   2498   2522
   2418   2376   2560   2626   2742   2567   2419   2471   2501   2697
   2703   2595   2675   2624   2537   2578   2657   2723   2634   2619
   2653   2544   2538   2406   2457   2577   2578   2595   2653   2707
   2569   2740   2820   2888   2955   3059   2902   2805   2871   2921
   2869   2792   2867   2812   2774   2829   2685   2861   2873   2742
   2866   3083   2939   2999   3065   3173   3211   3206   3272   3195
   3259   3223   3048   3085   3224   3111   3023   3092   3077   3216
   3114   3164   3088   3212   3182   3186   3173   3294   3292   3324
   3335   3377   3288   3286   3229   3177   3179   3238   3226   3372
   3286   3248   3256   3369   3467   3378   3495   3453   3435   3465
   3416   3303   3391   3336   3357   3409   3423   3342   3276   3198
   3293   3309   3355   3485   3558   3499   3518   3583   3536   3715
   3490   3577   3805   3738   3690   3631   3492   3499   3546   3325
   3466   3211   3153   3079   3144   3028   2962   2942   3049   3084
   2887   2956   2930   2818   2775   2821   2763   2631   2586   2581
   2511   2371   2429   2416   2169   2066   2061   1916   1862   1803
   1613   1498   1321   1371   1175   1157   1044    934    866    826
    767    639    705    607    612    503    455    432    385    374
    335    298    275    281    266    239    229    211    145    169
    151    129     93     75     69     67     66     54     51     58
     50     43     39     28     33    205]
Neural Histogram: [300160   4602   2979   1853   2282   2276   1266   2172   1117   1907
   1083   1795   1194   1871   1944   1179   1923   1105   1872   1124
   1801   1797   1136   1784   1025   1729   1018   1603   1034   1667
   1686   1095   1858    979   1729    992   1851   1049   1875   1818
   1047   1911   1026   1983   1005   2047   1089   2162   2161   1162
   2080   1029   1952   1191   2014   2068   1160   1963    976   2018
    975   2033   1091   1993   1934   1057   2011    982   1890    907
   2034   1176   1981   1970   1067   1983   1102   2124   1070   2083
   1164   2145   2171   1169   2291   1126   2313   1128   2375   2335
   1209   2286   1082   2274   1124   2290   1183   2197   2239   1207
   2260   1071   2140   1058   2171   1242   2124   2255   1151   2318
    998   2208   1066   2261   1161   2236   2243   1215   2283   1091
   2338   1030   2246   1234   2402   2344   1256   2361   1167   2448
   1277   2379   2368   1252   2301   1141   2291   1056   2215   1327
   2221   2209   1327   2280   1120   2335   1160   2313   1278   2323
   2313   1285   2390   1147   2453   1164   2358   1331   2530   2507
   1329   2530   1122   2492   1286   2436   2339   1305   2414   1071
   2403   1184   2350   1315   2432   2338   1376   2362   1131   2306
   1112   2305   1259   2365   2312   1299   2370   1250   2366   1187
   2521   1351   2523   2569   1369   2577   1213   2533   1362   2674
   2529   1425   2548   1220   2718   1243   2690   1359   2604   2645
   1392   2434   1212   2479   1277   2475   1337   2395   2492   1290
   2259   1149   2149   1107   2115   1235   2219   2153   1275   2053
   1065   2031   1248   2142   2112   1297   2002   1068   1995   1131
   2027   1136   2007   1869   1213   1959   1098   1904   1076   1870
   1216   2063   2177   1754   3296  37086]

SSIM Analysis:
Similarity Index: 0.7906

Color Frequency Comparison:
Red Channel:
Original: [50638  1621   913  1138   863   591   604   490   478   392   423   398
   342   356   393   372   376   347   353   337   396   357   354   365
   357   359   330   377   371   367   361   348   381   389   424   390
   438   423   404   453   494   510   500   554   517   667   614   711
   625   668   552   592   631   611   755   563   551   561   706   699
   694   726   724   664   616   668   711   753   662   556   548   516
   535   515   530   528   523   543   588   570   585   566   552   616
   680   650   709   598   642   633   703   668   639   628   632   647
   606   679   678   585   642   676   630   692   657   712   686   726
   732   697   766   743   783   755   807   754   782   775   743   873
   878   830   892   887   881   924   902   932   933   894   911   925
  1007   956   972   930   959  1000  1030  1078  1109  1076  1023  1059
  1083  1055  1092  1126  1120  1110  1137  1156  1261  1200  1219  1258
  1249  1198  1209  1212  1296  1311  1412  1422  1496  1443  1553  1530
  1609  1642  1576  1612  1834  1728  1795  1767  1704  1769  1870  1728
  1820  1738  1757  1739  1792  1798  1772  1801  1934  1873  1856  1839
  1879  1789  1815  1858  1896  1919  1863  1909  1807  1742  1730  1750
  1588  1499  1534  1366  1320  1295  1183  1084   966  1052   866   891
   801   716   671   640   613   492   549   456   448   368   325   302
   275   274   230   206   184   198   190   178   172   167   115   134
   121    92    57    49    35    42    27    25    26    27    23    20
    19    13    20   107]
Neural: [77908  1313   838   445   614   653   323   650   281   489   283   426
   331   503   542   315   532   308   457   257   394   324   259   352
   256   323   281   321   266   330   311   257   360   248   322   259
   371   260   383   389   255   369   252   366   265   399   264   464
   418   299   465   300   389   298   428   430   284   443   295   467
   267   410   270   393   427   275   407   271   411   252   432   335
   412   384   293   409   312   398   303   404   345   424   411   324
   471   328   426   316   477   477   335   443   303   504   334   507
   320   501   521   325   537   291   499   304   522   324   519   552
   301   625   282   619   300   593   373   636   602   309   632   326
   670   314   619   377   679   608   361   633   329   659   369   639
   744   393   649   335   658   336   646   407   665   696   418   710
   345   759   396   776   408   771   707   398   782   349   779   358
   739   413   790   801   415   859   343   806   397   833   831   447
   923   377   913   395   870   428   920   881   483   872   381   885
   374   883   474   937  1024   433  1049   444  1051   421  1110   478
  1074  1231   495  1124   461  1225   526  1224  1202   561  1209   472
  1396   510  1298   574  1345  1344   578  1288   497  1326   547  1382
   575  1332  1403   606  1297   506  1271   540  1262   624  1329  1320
   673  1296   561  1310   694  1441  1373   719  1295   622  1321   640
  1338   654  1313  1254   714  1325   668  1366   676  1395   768  1509
  1609  1135  2294 27618]

Green Channel:
Original: [52125  2811  1725  1217  1131  1027   902   800   859   796   709   765
   741   805   767   817   912   896  1006   946  1031  1009  1126  1067
  1106  1130  1171  1311  1267  1415  1339  1160  1049   937   850   831
   846   882   850   805   772   788   764   805   709   733   797   824
   746   818   796   750   889   925   916   920   847   871   802   977
   918   850   878   871   850   827   889   962   947   925   976   906
   931   893   904   917   926   959   922   913   908   911   954   977
   989  1005   993  1011   993  1045   969   969  1032  1002  1031   995
   921  1022  1012   985   996  1106  1141  1084  1172  1165  1212  1153
  1343  1311  1266  1195  1110  1158  1212  1149  1101  1089  1110  1083
  1112  1149  1091  1114  1114  1093  1130  1163  1222  1279  1290  1258
  1145  1209  1130  1113  1156  1146  1141  1202  1107  1098  1160  1168
  1220  1136  1240  1124  1189  1152  1194  1154  1114  1162  1137  1144
  1229  1202  1147  1084  1108  1164  1140  1197  1179  1229  1144  1301
  1217  1312  1222  1248  1248  1248  1154  1117  1112  1025   987   931
   991   982   913   889   902   837   828   770   786   844   699   750
   702   636   558   583   503   460   426   395   450   408   479   433
   397   374   355   382   372   371   301   289   248   215   207   164
   142   139   118   116    94    87    86    96   100    93    84    88
    89    72    76    73    76    69    62    52    42    26    21    24
    18    20    21    12    22    16    19    10    11    12     9     5
     6     4     1     1]
Neural: [105406   1631   1047    669    807    753    428    720    384    633
    364    622    424    570    654    388    674    399    677    396
    621    665    411    652    353    667    353    593    393    594
    582    391    675    334    647    377    622    343    631    640
    388    619    353    650    340    690    386    746    691    410
    718    357    687    433    720    724    407    677    319    706
    326    740    403    716    710    377    731    317    652    351
    715    394    717    729    335    727    351    803    348    826
    389    793    860    407    881    384    877    394    884    984
    443    976    386    916    389    864    401    863    865    428
    886    332    830    342    840    427    742    820    385    803
    319    808    359    829    365    811    815    406    824    350
    829    336    847    416    856    911    434    905    423    976
    441    921    840    403    879    411    796    361    779    451
    828    812    446    840    373    852    359    797    423    806
    848    440    828    382    888    352    809    448    897    842
    457    871    346    864    449    853    843    417    809    348
    838    373    817    420    852    846    438    880    385    829
    361    795    404    822    794    456    832    381    824    388
    851    443    902    823    460    961    390    899    450    996
    903    469    899    382    902    394    910    404    811    820
    450    749    406    728    414    658    416    667    652    414
    649    410    588    356    588    390    619    573    392    526
    334    506    382    502    519    371    492    295    462    302
    464    294    427    337    311    384    260    312    228    282
    287    340    332    387    643   6344]

Blue Channel:
Original: [53185  1656  2469  1632  1706  1297  1119  1133  1039  1166  1053  1005
  1016  1183  1375  1364  1445  1511  1260  1267  1103  1144  1018  1029
  1000  1017   988  1033   931   999  1020   960   944   970  1017  1119
  1114  1182  1058  1258  1142  1078  1135   975   970   946   999  1088
  1127  1036  1070  1034  1040  1090  1071  1084  1021  1039   993  1021
  1091  1019  1073  1089  1071  1083  1057  1008  1025  1138  1129  1122
  1072   998  1023  1132  1129  1093  1143  1224  1076  1263  1314  1295
  1286  1404  1200  1196  1236  1243  1197  1155  1196  1182  1111  1187
  1158  1160  1183  1172  1228  1301  1168  1223  1236  1296  1313  1327
  1197  1187  1227  1285  1155  1172  1205  1208  1140  1228  1224  1260
  1124  1185  1105  1211  1187  1169  1141  1199  1137  1151  1134  1194
  1136  1121  1127  1134  1064  1092  1055  1092  1070  1074  1073  1142
  1164  1187  1163  1203  1126  1203  1085   993  1016   974  1001  1007
   945   942   920   902   889   834   803   866   883   827   821   752
   710   761   692   717   723   762   741   747   676   705   689   666
   655   491   483   451   450   393   362   371   329   367   332   367
   349   393   402   380   364   252   297   277   254   221   220   233
   184   193   172   168   170   137   129   125   107   104   102   102
   101    79    77    70    60    60    70    55    64    42    46    42
    21    28    29    19    15    14    14     9    15    18     9    11
    12    17    15    14    12     9    20    19    14    19    18    18
    14    11    12    97]
Neural: [116846   1658   1094    739    861    870    515    802    452    785
    436    747    439    798    748    476    717    398    738    471
    786    808    466    780    416    739    384    689    375    743
    793    447    823    397    760    356    858    446    861    789
    404    923    421    967    400    958    439    952   1052    453
    897    372    876    460    866    914    469    843    362    845
    382    883    418    884    797    405    873    394    827    304
    887    447    852    857    439    847    439    923    419    853
    430    928    900    438    939    414   1010    418   1014    874
    431    867    393    854    401    919    462    833    853    454
    837    448    811    412    809    491    863    883    465    890
    397    781    407    839    423    789    826    500    827    415
    839    380    780    441    867    825    461    823    415    813
    467    819    784    456    773    395    837    359    790    469
    728    701    463    730    402    724    405    740    447    746
    758    447    780    416    786    454    810    470    843    864
    457    800    433    822    440    750    665    441    682    346
    652    416    663    467    660    611    455    610    365    592
    377    627    381    606    494    410    489    425    491    378
    560    430    547    515    414    492    362    409    386    454
    424    395    440    366    420    339    482    381    448    481
    364    397    309    425    316    435    346    396    437    270
    313    233    290    211    265    221    271    260    210    231
    170    215    172    199    220    207    215    151    212    189
    225    188    267    278    188    250    170    226    172    193
    161    214    236    232    359   3124]

LBP Analysis:
LBP Original: [[3. 4. 3. ... 8. 8. 8.]
 [3. 6. 4. ... 8. 8. 8.]
 [3. 5. 7. ... 8. 8. 8.]
 ...
 [3. 5. 5. ... 8. 8. 8.]
 [3. 5. 5. ... 8. 8. 8.]
 [3. 5. 5. ... 8. 8. 8.]]
LBP Neural: [[3. 4. 3. ... 8. 8. 8.]
 [3. 5. 4. ... 8. 8. 8.]
 [3. 5. 7. ... 8. 8. 8.]
 ...
 [5. 8. 8. ... 8. 8. 8.]
 [3. 5. 5. ... 8. 8. 8.]
 [3. 5. 5. ... 8. 8. 8.]]

Gradient Magnitude Comparison:
Gradient Original: [[2.23606798 1.80277564 2.23606798 ... 0.         0.         0.        ]
 [2.         1.80277564 1.58113883 ... 0.         0.         0.        ]
 [2.         1.5        0.         ... 0.         0.         0.        ]
 ...
 [1.         1.         1.         ... 0.         0.         0.        ]
 [0.5        0.5        0.5        ... 0.         0.         0.        ]
 [0.         0.         0.         ... 0.         0.         0.        ]]
Gradient Neural: [[3.60555128 3.60555128 3.64005494 ... 0.         0.         0.        ]
 [3.64005494 3.20156212 2.54950976 ... 0.         0.         0.        ]
 [3.5        2.5        0.         ... 0.         0.         0.        ]
 ...
 [0.5        0.5        0.5        ... 0.         0.         0.        ]
 [0.5        0.5        0.5        ... 0.         0.         0.        ]
 [0.         0.         0.         ... 0.         0.         0.        ]]
